892
0
2518318702436
6497104862089
0
0
3443888179106
856176494883
2888176717428
539466640271
8255173149190
9218320205641
9020351344692
873786589447
6464646332806
5805893057921
9405900227616
2750795006083
4827327328762
2151705555157
4303906682696
8216054830209
9598222826346
2383452869089
7515549028892
6223144438563
4366586619854
951068081413
0
7943485233099
6458801445424
7098402376181
2184669940012
4275388901775
4471100305226
7643962700545
264257859532
0
2046347978826
40580139877
5814944471316
4255302682165
903805259198
4102950646661
8973832372492
2915024366611
0
3392060430213
4903702089188
336265248767
9637124350550
5805893057921
4868105090452
549843528683
5838157015850
6551748590155
5034074660098
1724671083131
1776922054434
4800186386293
3434579331020
7719186082507
0
9564157744281
4228865999816
9131029265779
1075110125782
6272356997301
2043282717032
5279305258155
4762971232482
8101388252721
1215227422684
6909974658911
2412794410690
9722091322981
9930269646844
6853211420111
9977418911106
3965579434337
4615636970468
7778282810051
3712948991054
9633178156135
0
8039841694339
3117523543818
0
8844565400380
5678124075899
1128789545542
2788723555645
0
3826484076795
0
8765148115589
1201412102504
4206230792823
9901009684636
3965579434337
2197030460764
9887599250839
2078560068638
8821660098901
787895742516
3216521299803
7734060508266
4636478471773
7770396315798
0
1618429693618
9736668292651
1228627730936
9953799841271
148433722790
0
895882950108
0
4576656878514
0
5396340451178
4038111039911
0
6738326207377
5028780688196
3144952540927
7947757330870
4622525405849
104433684708
1561830638415
5942143654702
3121280566865
641960354020
9564157744281
3162292114190
7131408134269
1084524941596
3787717916535
7485482631638
3909460164717
5416653489006
2750795006083
1958502941720
2555511910841
6233503040888
1478258775603
6819050780542
7454628631949
4527217723244
1765310388867
6332528094440
0
2333636419288
33340824439
4631400623462
9337745913133
0
3306087576579
9055446960970
3073114945401
642824551016
2666114331015
6587826488998
5109618912893
2518318702436
7434020647203
7163449026326
1646405378229
7625786011592
8856934132279
0
0
0
919447259027
0
6131758597417
0
3810760078799
0
3907233625121
2628216490072
9887597941359
1326342625010
9831984372429
5771540235952
8415695125863
4737818991278
6172896274661
5532628474056
5915720634923
1203785854214
8536511475117
495882711276
2793033412131
0
9261136051461
3742392264460
5445286199135
2099852634094
5007796319457
0
4986649087715
5250754440118
2406925918837
6281773236212
3812311441607
9710300474730
2162409719417
5860620643880
4210467763941
6297462400178
9785096898917
8660610928718
6984075439081
7717614700194
999192619733
0
2099567265607
9322592320684
4869826860009
3668055770084
3730561230599
0
3321806415137
129370729104
9235200747491
9079458807206
5078143747549
2769521904004
1900799675455
1593028973858
9730891719825
1715859043264
605374309179
4764235672694
2291037624037
2184669940012
3121280566865
9932720850706
8719792625785
4607753637664
1280108565063
6683918728414
0
8187902560566
7952578129131
6720381361418
0
7843353752720
9802413495799
6299242822658
0
433252916492
5032055400883
7660622324296
5078143747549
8010237122312
7113813404011
9479786543718
5586188836193
0
0
2765935203778
5965671650321
2618090348724
4438652090451
5663542905910
4436569180469
9386366249020
4127355603347
4885049151226
2566795608867
0
9799927791383
1404756677590
495069129241
2511392957374
3277654691683
5178393468658
7296539548161
9973042387072
6712597170007
8057199589926
0
3729297330142
2040318376275
9725374169808
3660548166721
8652447635444
468401379087
4323108912122
9617477851253
7421596282692
4516976111815
8180659026838
5687794029521
7387329402608
549070211663
8032694338698
3776762186477
8841670799936
2249652178475
7181575384282
7459149822233
7842660354688
1596637746007
976928972654
7484035237039
9697418408876
956694240075
0
2628316815497
4493653058944
9221901945355
9446476943838
3962886733389
663559415600
3862471354027
2333127959814
6436378565353
4564167486386
2602900857671
8773989022194
2071025673269
1936344626020
0
4293966502738
4980375454041
316536252948
3728825918683
7250222171526
6886335850313
5782747160684
6357484603451
8927870175496
9059223967321
702898638944
8309178020191
2847425407950
2366411370897
5215523792288
3547323310883
8449415895478
6038077386857
4709622689064
9985494408119
3735013083052
8651281782237
0
0
2723570521794
0
254679816184
5826589587035
7742896361998
6178330063205
2511223721814
5901009007291
8561850593394
5909675837637
565738197170
0
866311807218
3849092678333
5016943084288
8868937455631
0
0
2301055232072
910398164123
2848852758454
0
7446787188148
6852282559403
3056355405618
2613270126413
9710300474730
2009895196999
6842909045786
8413001590529
3164000331876
1478258775603
5910126687368
335254166565
1109919654776
956640011571
5252910675166
8798871471773
9932471721432
1856356511769
1404756677590
0
1284083271020
579977192883
3160682311684
1856356511769
1674055990404
1349341351655
7999316850666
2443618020497
4268662956868
0
6274019835062
8980379799449
8495878345958
8671029807755
9119106219018
0
330006108688
0
2631953908366
4323079556437
6953767983360
6234754024791
6756914156418
4712717177217
4029812508208
8422986081983
9704710756502
8727548660117
0
3441768768571
7641910548058
9462936699593
0
1102493892845
4105878067366
0
0
3766775815739
0
2397065503537
2557922707322
0
2573007955458
3533239194077
0
7034130257627
6200353828346
8317847373945
6075192017232
8684976401389
4583441774682
5466831296661
7235231078220
0
2580550004978
6263686290829
0
3803634383935
162862848606
3730561230599
8380708682284
3809197254633
93484576398
3265656127945
8738946411896
4121940448851
3480899193626
97730420305
9147157595396
863016620003
5375899669714
8932881303521
0
5985260342267
0
0
5130834755760
7530944447235
1609619906368
7666961407569
9960063218592
6643246002039
4307697547822
4181898634897
5110912453372
3702285266435
1744405334566
834264553443
3925976735096
88887166679
8566491854982
2784053976789
3191734897328
1578901290681
2916226684568
0
0
0
91746246710
6058430097401
8126187372958
7517353402991
8941628990938
3474794607777
8994575015104
3273220999423
7028190862662
9935227414925
5145700398496
7620088364415
0
0
3172137493056
1911900018495
123931670786
2718259738893
3948323960528
2244271807299
7268865045010
8189164186205
4538904386616
0
0
6325686557005
745944784332
3216521299803
7734060508266
4355937436029
3981539416608
9102210918039
2562360687778
4617317716421
0
0
7322146171770
0
6214815840172
0
6464646332806
3207670842805
0
1906801159801
8443243725482
2793033412131
2801927164616
9804750910375
2998970957326
9114302084863
1128789545542
0
5426942305910
1070034489429
0
1349341351655
5034074660098
7674244300681
2700431789760
5489796028401
9257915515154
3706857485153
2951781038008
9762479350335
3779908593012
4540284021329
4903702089188
2637519142339
8346671495902
6984075439081
3961064196348
6630693930991
6957996933758
4797351847727
8255173149190
9196053532723
5621294747200
9735185273105
8841798733480
5514786612283
0
9280394308981
3093139217036
4027511121703
3251406489066
5191728590369
2023531569154
9784807348101
5416653489006
9501935799821
0
7117602515167
6325597724970
1225576572925
6808802883956
1965545267243
1261951612614
0
6829617390260
6076249800567
5637815649552
8798871471773
0
2914310030351
7411927262394
1908247715809
3749886287836
5341598556603
2557922707322
5004508946953
3791236010068
5021406908381
7770396315798
3742839305525
211921325876
0
3439976059658
4643001805121
8444203715256
0
0
5759238209737
8809489745060
9377881568587
1351526244874
9612761551737
8049593378288
7860822843211
5653218820226
809066524969
4775228614084
0
6950929048754
3378707934025
8912471942296
0
535365615446
1750824589653
0
0
5473211212526
5352066163929
9690871910164
1960839428309
0
7880030354103
1715859043264
4108655434103
0
0
9487831652682
136144094779
8656559177810
4255302682165
2636215219774
4656839364371
5270046773074
5897000291179
0
7549825905659
3205104883602
517312312613
0
6531405647879
3379869714042
7168199712115
9020351344692
0
0
0
7186891404236
9245631568559
8738850690288
8524757544633
473047582444
195186379111
4744627287220
1492778369623
113835427740
0
9145826761258
7263098680569
0
0
4614088976210
0
3134850712704
9655303499711
8066817000110
0
5830538169824
0
6803804995510
1960839428309
2810231411824
2563176614193
8947231295170
4771397304841
5745567675048
7388994503179
8126187372958
0
885696919492
3213971843135
5991127344074
9281430866441
8198441705544
5548976856359
8634711030994
2209445752405
2888176717428
3602274789945
2923074716770
495069129241
4192294175800
5948938390327
3476054847890
5724018442461
4556459176904
9221901945355
1599144120118
640752590985
3040675670592
8017573546187
8943809381014
6424596363605
5473211212526
8238468494883
4771917444014
4897570609121
0
0
0
9068893137757
0
0
0
863016620003
7103439100728
7269412632735
5788664275370
0
1284083271020
7681319426931
9249693182790
9088515475769
5145700398496
3354298155351
1599144120118
7164882079461
5319963585208
4548262988395
8530894705274
0
2232485130308
5282287258207
1778452207838
5844941703077
0
3725107699531
496892528906
0
9750800500524
2291037624037
8449415895478
5221314368629
0
149305194915
3693050304650
5706340482509
4673503054664
5767274299663
1780141442954
0
802790952480
0
6678894810346
1252699103681
9351533954684
2711667023171
3693050304650
5860322275831
157164695492
5850256739659
210821567650
5954311970597
9103711544004
6003788118223
3970763419022
7400275692373
4775726982440
3425125538659
9479786543718
505170304529
2174503305064
9037225630763
9487831652682
6038077386857
3618909227424
9987420237439
1574665292786
7647097892757
4270667888404
6312561715319
8495878345958
9455669928869
0
8532547029679
5023648169522
3587052824381
9507241398888
821136924763
6909413879868
7493761348117
5290397243180
619749963011
6428221690530
3277654691683
8316065043704
9537593791763
8977207990682
9616003273125
8294399196854
9355071589481
9720555949490
4177772619461
4184606632616
5909675837637
7575573998862
5812193223489
2333636419288
6260265698191
5252910675166
9221901945355
5271615435152
7530944447235
790254406318
6929815097333
5177953241926
8732120892401
4837260480626
1064712058173
1093529594890
4443269633147
7282780373894
1065809795045
9374218262342
8554124632115
8656559177810
2521114358977
1052613958848
8156668331699
6835490915726
0
4524220630764
6143393924009
3411965294082
8464624705961
5270046773074
6683110959967
0
8648631616329
2512055759380
6109052434935
8148350991566
1046575268779
7119796785114
1331495340451
5372498601818
5429750921597
3172137493056
2459387538403
2614047450994
3488347282545
0
6476082261579
404477215950
3488347282545
4781217994316
8753612059339
5468040548694
2931916575673
6675253372316
2040318376275
746684261770
9853926423765
7750575537612
2711667023171
9960063218592
0
9616708860924
4726871043685
5517479225270
2809752040231
1142685761372
3431970524259
362193078270
3612282645763
2810231411824
8391747896879
5483896393942
9058062741197
1363888619588
7816696451271
7085907788990
3602274789945
472437093752
3179047565775
8144794264050
872720944007
475560740000
5684875194287
0
6563197832605
0
2089665820907
2103171312570
7612842813205
3922420528868
7549825905659
4323108912122
0
9433437261704
0
0
5898892901301
4090549976192
2793033412131
8021363738710
6764446016449
5645049653216
3848741918991
1469996637678
1471229216961
3338184455852
4255018794753
7386229570600
2097351874705
8063157169984
4002878367463
9641527558526
1777104952605
2685500722604
468401379087
4109847325282
4800186386293
774784352360
2356933631779
6351524457682
5445286199135
4280897557094
9333024997635
6298992904246
933457462833
6071524680848
1692310539447
4601358413926
9853416479745
5911028873312
968779794395
9189039988334
9635531014577
0
0
0
0
1360922738188
7345072796183
9509959931594
5538572698217
4467684277640
8251997881415
4527217723244
2278333210457
5628978446436
5897000291179
6804635416430
4528296812369
0
0
4109847325282
8411712274153
2311683768684
1427722441599
8697674453018
2788723555645
0
4898915409327
0
6456030999925
6474540598268
7914451913531
2432766873354
5452340586861
7029371462600
340548354205
6246660276198
998335332797
5176605547016
2914310030351
7793159399610
8927390629659
2628216490072
205782120799
7745445585286
2064933298805
399344074180
6189424262873
1697617350630
2814877779369
3092039941624
