884
4397252734299
2385502436660
8748197782555
1881578325728
3195673099429
496350877844
1191008398127
1347125577770
7287516125885
8089329614224
2212617781415
5204066811306
682287044979
872685194744
280188045621
5105383638240
8306159473229
7431086357716
6269947610653
6088625672036
9167211423281
5041090195684
6922172824903
6791504148828
561187304357
5652677357662
6227970679801
206575685008
9734375618517
3826766718890
5438758089833
7117833779122
4192410118577
7676071893888
4905010971517
3660905462084
4056980793963
4578515582924
9700364778993
5840034588958
9603341312013
9574926246302
7383453982391
2393900295012
2939929368395
9183730532878
6760001177223
4800577247642
6059791349259
1430626515012
1502605450449
1102922173814
4698969507509
2299199556944
3285025288747
2681759083662
3000516881905
3182862555602
2568141205989
5855754690690
3476683475805
7621426122790
4027750520231
7208042304420
8917625792161
2069977852762
9772522513595
9151087438946
6627915120979
9163830180034
6496763181541
6149092202018
5026413207467
2399080603816
1708397632251
3534473595934
7988379891611
6048179065862
7404240102267
4241954354052
4765565824299
1027705101354
739746371367
4083645459704
9765348100543
9024014774264
2687085985623
7575010381712
0
3219565650458
2364425482217
7116996182564
3014601664813
9836382604804
5595881965011
4332736313982
3945028092153
5212196529608
9506373107877
2655443487980
1290685558665
1612225920346
331983835109
4600725503222
7273676856389
3108367766536
9270303023395
3580946202524
8020566702315
8328321837570
7021998356127
5396931339178
6975226826473
5445845866976
588430886775
7194162798972
8192408235195
5379284443716
7355954977433
8974411140548
4987951954581
7076538340610
4753566515707
0
1071873209341
8482008429158
5206465335441
4658651258580
9125329036801
2227835287846
4129752067417
9000510184940
9206744352525
4628244909316
4707291700185
8632904008800
9195810553879
3786082692196
1377341089987
5261108329242
5033309444417
6825812634394
3112103955751
1925873362294
1933581082921
2816473208688
3505205127195
5454874318370
3085694613993
4582486159474
8075672422387
8541792818126
2204166277993
6334866516786
8890618263897
6416932928846
7626449000801
1541620076416
3238304917069
1544302131166
7523250394889
1097885439202
8541940094441
7721802267576
82791925719
3463810259832
3192220776451
8883621495368
8973096446643
0
2059521651307
205381604928
2746028494681
8531405162332
6350326043927
7776764087236
2468101175505
924819131410
4229439506817
3697065171598
6541465072239
8787336770296
600092235033
7829316859840
7339656917697
1176260041978
1483479023075
9668391316918
7751238170921
5822976266198
8574183738001
1341724977382
5285647516975
788332973048
3176591757303
6906312309898
1871261975603
4621056813218
490366992589
8467905526608
2124330312271
8210882593262
3181398880335
4990836964218
7080292443407
4120254254838
7851876527675
971912310058
7251558984525
8431423763424
2218099931563
1999237542014
5937092083517
690563850492
5669400150271
9906951681556
2959969154333
1645474592576
2610527556131
1158921752568
3007596168217
2015750059112
5124523252611
8939231599300
9776204007465
8604612958532
2908311476607
858060347388
7665919787441
2822770631906
7037450858457
69538909850
3576216231109
8994660989568
2600002540925
876270533322
2559130671991
3469865885194
2853671453293
6048470090038
8621572168437
3153993733928
9732702034551
7375902660358
4260252357879
7047270114698
7088302438521
9724447918702
8056201973145
6022745893572
7519203271914
1655941743517
5777918312512
3885507069931
2875600515048
5003594428949
4251393993860
8899948424353
473278955808
9926984240699
4476167316154
3350976381923
2711354903622
4772564708395
2189071192280
1377730320583
4391315192298
8480923139619
9923835677696
6850183074571
2998653278440
0
2334705073576
9267578705787
5111167295508
0
8405983482388
1060605646821
8986637775880
9380676155679
117916428112
9008775083371
4303897921582
0
0
4906191485049
2535947652542
6439685918225
7367893187342
8999783042745
8100672339622
2819849969681
0
2893969595607
6836515656098
5210530614173
8283467253516
9059734763453
435502936218
1126331815661
6956881560730
9863246672197
5724449525976
5338699651685
4777826467330
5412814971495
3115525756166
3779000359255
3567386880936
7567804118509
6899731846968
7271533241555
1553919514906
4995708695511
718271954110
7249442931807
8847349420588
5538092808513
3922402782730
5997562191927
1909263642122
5373412102993
8727990978926
9823003760333
117828450808
6399324710565
5948471139564
1574662157555
9221868485984
673183077643
1738336035086
454569039311
4533792069310
3478627317809
1866954347900
9884988702055
9131590284916
3802519781393
3360031111092
6421859685901
330657138324
5256067105111
561801708672
9019146339947
3340855637840
4883809322269
3643774354494
6633940597169
309552306280
9490895320021
2176370985522
7739278264407
8258120274124
273056508633
9002344672280
9937122184371
2737377025328
5686736291883
9841758360256
213120827495
8245435344864
4554598164177
2635461412638
2594979508675
1395646329722
0
2103910966086
183728488499
6146447512932
5716258852523
1388183721796
8701499206889
8627253446514
3494873639555
1146215879792
3086038475385
3782480374420
7928516961925
2239465876386
8012025498023
625567301754
1839029616371
1935079472684
4917662106407
4216178206456
3132560188019
8211078399820
5237497336547
4807405155434
3115305866071
6001446496694
840341568033
2404114321018
1688234053
4670986699522
3849830515399
1594248340686
1811894596355
5804944039040
9346344009573
143515152634
8495114814677
9913503944936
3222943181819
682686190950
1428187803983
7715194311298
4594532937669
747204891096
518919395887
8072204084502
4829214072383
3726031487714
2089066490729
7206678197912
1469068393623
1131479708908
2419771111517
2032744336250
1869940790695
9523243839368
7851623806243
2414055647708
8328977996113
7092999925466
6452195934193
9954632577036
4195013107459
4435340938316
1824786831835
4552742129636
7813976583841
4262161907872
3846812783955
3408715830992
1366658239769
7512239945006
3828517303507
776068306672
6900730214599
2909735210662
9496677761365
878139476234
6497058185275
8273293028068
4231579927511
8152571163044
836313907123
8052113399442
3197055133427
5537168873312
3964608558549
3663606660960
6510769234811
4387243252782
3034973508443
9114132943168
4992496908007
1264036337776
4703659736115
1068953370134
6318546481803
9121476540322
146726499633
9767683216840
3659107882821
0
6796036131383
7279769515120
3347835936981
1934934962992
6311318500177
7602967995722
3150700504855
1935470807326
8520433400639
2275454300758
372745965757
688253155606
9482834578581
2585882127212
1030260273499
0
6354685027555
1429897129110
6289390973649
5835423108874
5464707842815
8841719630758
4983450513205
2301267135670
9441987174441
5228374613344
3439144756719
3669684162212
9221184381787
4616325548360
492010385649
2994881986548
992338667285
3944832904882
1347424644135
7305192932882
6335750099933
4243725097852
8437245051395
1327608287310
1025909814347
0
0
9278079718602
363759824895
0
3063020631995
537747934890
8366950218033
6111170997026
5092029108283
8233792787240
0
1966981527846
0
8570080509104
7230585435441
6162525348166
0
5795989900954
250600682007
373800567326
0
5738800432180
6948233728503
5773300382270
1133202734499
201541573804
2416383096095
1228466496564
2140340285971
4956073883912
0
5203312128702
8481834989173
2440558126104
7528511655705
7075227352304
8736358987673
6066672380536
3137804454751
4863908217724
9488091271925
0
743788067163
7905240235898
4335436262899
2871793416932
9879027289407
4853302467776
2090744444461
8525551203532
4435528949337
4221907056920
1392003439153
9919413323578
5636165957497
3338849982922
6443479275317
2703294666048
6690254979635
7182436158050
8773916353649
4952308220086
3163168658261
1748280780878
8146854183353
2230154412820
4790932372069
1190371539318
7914040729727
5106798115026
9937149580977
8218537752674
0
2002064074888
0
6171806571342
7657160193283
9375214004350
2932562234067
6586503363468
591978799681
105146072108
6669695777391
0
2788065794981
961109143458
8177280448217
9417391159906
4080611998639
9424273732600
4251658806371
0
7620108906813
4871459148634
1318183125439
744069237306
679634556363
3588538503894
9822249597585
0
6765111405315
9492725424022
7960417172651
0
5534642804743
3960446093280
0
0
2654464852011
5889024470420
681590129895
8654866578766
6571321961635
4770709431800
6371179391949
6498637786692
2826661084937
8667359923784
7108593072771
6860635200674
3564894040623
0
7466065742429
1082778963940
9947984513613
0
7961919310437
1625047359018
4539819752415
2828462158004
9133442890865
9645968970350
5658218940213
9681383833620
0
5178399463456
674042375795
5267643438080
7083997183659
5669911684198
5216857739647
0
7221171163221
3089979048816
6967738543221
2073599931824
5819964665435
2637101084220
5239264446611
590391543506
3779346961023
484338556952
3611988993873
809211615784
5247833655581
7380244391628
6379381550337
6799908160614
3485836661
5328521820608
3014927667169
5356061230240
3372034042923
9656213788072
8269737653273
5303378222120
1902776647839
4622709279102
2690017237095
8438341906930
0
5016759446350
0
3433042393246
1903402914975
7105025863296
6816601933093
1214759633640
2739589463633
2365204212864
7530429537867
7388250438586
119062763243
9329037237526
3081278403351
105913570602
4523823397111
7644430579920
0
3867822281546
1268018338155
2488887356048
1929188200053
4365498284904
0
8162297739816
0
3669513603760
921885188805
627497405954
9887449054143
1604544017672
3121486705649
4270592577646
4833602988259
404569000502
6002794950311
2958763843384
4422878874773
2610786243404
4320945805337
1142111947108
4504507476043
5332826834906
8083715961581
4574020926534
6539259836565
1984342341768
5370750287067
5617925187628
6029016143451
2658861738518
6979236040809
0
5799977029709
4729013918142
0
6217752213814
2576248550863
4878942639628
3781332677803
3504918597436
914749897665
1310003772454
6048092294687
1409672135132
895888378059
9724046688834
0
0
1545174694961
8672167420823
626618848628
8140639229153
7809402873312
5694362903079
7786056907936
0
0
3886010360485
3115376644718
2894813182079
0
7526612807649
0
7170740249395
0
0
0
0
2857842374216
6837900391701
9381605889124
3691588225771
0
385426768465
694239343494
4237509255841
1540081707024
4433145464349
9198389797956
8857319717911
0
6066262177679
8692857068558
6969348809657
7467536568326
0
9838066067414
0
9655858334064
0
3557612453994
0
5301034200066
2739624645771
1107128802566
3190820303109
573847845490
8844536555697
0
4641991655813
1376432697682
1056379228117
0
7986184492981
8275035299766
1368910063429
4435469553502
571119707691
4587775368206
8596280857207
0
5018369270797
2693630202098
0
5027009792806
1803368029411
0
4337921339755
697933095518
8828416160109
1775058448060
0
1981224002096
773112610595
3888039914384
0
5354966135058
948608340005
9233605627278
0
0
8475984801309
599389556640
6840553716247
0
403152119539
8005079240552
0
0
6463596743349
7810609223042
0
6448366474856
3285527835603
2045287739554
1780694578313
0
8559645453423
0
0
0
15504623183
0
5072255898927
5280677546442
0
3630925488096
7867788941677
1617951812064
2825509448265
938512109314
1349091899921
4045939345174
0
4266414049266
0
5961780947512
2291733586687
0
8345121160947
0
8966268272419
2563739442520
3747896816047
7792171883830
4467036644443
3330098379068
3944428749477
3473143381254
0
1977642085888
5730592713937
3618985270038
9351872871019
0
8261362192321
1973685787390
6385190756395
287830765780
6471089403745
6896715063346
0
1569719032906
0
0
8865295457799
3324361140222
0
0
0
3159824535834
0
0
0
304835339652
0
1565183896546
9472553647523
8378144162346
0
4270732454640
8299401682845
2167962374654
6451396790197
8664014991264
61002851867
1969685068730
2816727027005
4212097673886
0
5865020163498
554312414235
0
1897798474941
0
3022834812753
4667229175108
2362526259245
4067878595818
1839896292435
0
0
50324112412
1173210161371
5878633801962
5655716614751
7772782279550
0
1817577210864
4376889864751
0
0
0
1525496516187
3387727030732
0
3570944232228
0
7621063863874
4666997004635
1135402333158
9438629721961
0
7706680047639
3444092825692
387038414317
4950826025488
0
0
9044832518249
0
548725353755
0
379066661847
8347949166966
1281305380207
8683777945122
0
2065178426624
4427914355693
0
8707071674817
0
335655960663
2533742907822
9634737338337
6815862939438
1027809826853
2430637912762
9777420993701
0
5077249400269
8185039750812
5874975865659
0
2178174684749
0
9500060380549
6097398959970
6175638527859
0
4473937080429
917306887232
8546813495385
0
0
7315100292482
913679850657
7589118710568
