841
3877154668375
979714036062
0
55267383869
5512544085978
923462958850
0
2483064502569
4183182878447
4442831850750
5348578946485
6154021392340
5985808812811
0
915466703177
0
8679748353127
7306636141967
4339316916404
0
2984316174323
7281392249554
6968459910753
0
0
5023000341759
1184863560653
9861233845109
8959597303771
0
0
1073982219089
7815595963911
442935950095
0
5641805213004
0
5065260684739
4761705085777
841907707001
577379931327
4422732290519
4916001860133
0
0
200102664123
5360449578305
4216808996449
8044340675038
0
0
0
4936132781635
0
0
3280051737609
0
8616073212943
1415320110749
3114781577357
5031073233778
5124930855307
4594486935704
8515765269136
0
3446337601334
2465190750837
6060697087092
0
7879619375314
8975986883656
5345584472265
9594718995087
0
9659857418221
9203713499972
2576207545554
314506253227
1070041259976
8175263164000
0
1877844281223
2281784190253
8760118196772
2458821666107
3102679461658
6178098598601
198667591584
9228740586334
6002755814575
8050680416669
1627959324148
803674536634
9810602864226
302873716976
8122328133112
4101890407919
2064401650574
4099284282517
4638855028628
5693779041186
7195094522362
1076131618345
1750265706336
6958332529967
4360894008934
7169773336996
0
0
3232781298842
577313367521
3800813999769
1655111791007
450830421350
178524799277
0
1874172531179
3176448803466
1012946551112
9612177905840
3547974922391
9840138147102
0
0
5978954758594
1368807027466
2749614925361
0
1074842648799
8676682333694
5678585858717
0
6127785952874
4275911795163
0
0
7445528574911
8652771376959
0
0
3290922632674
5103753317642
6312959490249
4387724517456
0
8086785470414
0
2870132636189
8429190348891
4531467740290
2855216740256
9667189266809
3939427600326
7905581505471
4240738568708
2361539066885
3169772910971
1195948564346
486522975976
3842259460809
0
4444784658918
9350580540357
0
6690430004835
5361529407970
7180886972425
1579132021592
6470071196471
0
9066777004541
8842410098348
3515237786979
865948676706
2791287080449
9510812491472
8470396374639
0
2108125821876
1326042940620
1583361919499
5220509438778
2687118002321
2100413173552
6217403980039
0
2903109962452
5958559944012
3272511117058
9106755402962
4406909478728
4070114871937
7682473233127
6520095392295
8976751232909
7082961927596
8941012755587
4542514195674
0
1634305518057
1379085681807
0
3939331498637
6155268028532
9345838197299
5034849514362
8771775472384
9125071395824
8688812210190
6432994632190
8909952841573
6176475366196
6060640668923
6264800207410
0
8891905673097
0
0
0
5576692023828
4891533031875
8237001711122
5095352544297
4762161826488
228206704487
9507833836422
14358964629
6866797196668
2116171887867
7995542685010
5553634502160
2051950642361
0
6105026181654
4726036798461
3824929372108
2391637175603
8297186504898
9633781005440
7098394132409
5790436676519
4493476799350
5849010110181
0
5740156815754
452850966002
113470921241
3562949505752
1434810503462
9680477299166
0
8214369131733
0
1390955395442
4615694124584
1924719804521
6739829215758
682239610174
8552741622685
3033181863109
0
1304027920930
4114324537273
3988983434584
73899229262
75212506975
4143600241061
2070257502692
6093193356547
2686955697330
0
3253191683040
4824271746703
533644859223
3084465735485
6947174072124
1576404739667
7091904319346
0
653759121584
7547599537142
1923569352910
6353171390485
1801302803676
3577767163026
3120377733226
0
0
6918677710070
5105894655958
2023291324045
4458092360972
5255220908971
1377799484307
5533903508553
0
5277287274919
6762258966198
0
9199556513508
4284056789090
7959354632131
6453475813753
672908911608
2632022608831
2324521510270
9047032235189
9707496360317
4134424941179
0
2662751207209
9897807324792
1311726287055
5823931710974
7137840218636
6224615077949
890855484315
3289905158138
8808706204369
6657719041416
4956440818207
3954561492182
9227672855981
0
2160774016091
4823715738378
4571934339104
7730460715864
1708005138558
0
2551380455861
8464052614293
2844934489946
0
0
9803469642392
544552429007
2213294789318
2225940278997
3509776691292
0
2843550480626
4694276408529
426404658128
785318987158
5165713138982
1496889016989
0
2467686920923
5565205559946
5050844961537
3347606820104
8245900926783
3676392252311
2960543147725
4096035711909
800631673171
2973771754818
4353073498264
5186112454185
3793649894975
0
6355813257109
0
3978984047107
5250315582994
7848143978536
1376524173689
0
4603419306678
7845446943469
2336541939460
3349550168651
0
604756225657
951635307440
0
2908423503534
5601578023236
6931950374532
2600870720850
6624386504058
9955649293512
2429348042609
0
8832507159534
8377180872173
6353251143700
0
7435800944499
3271840388825
2434437382977
5236478156455
2597404676398
3898142190061
5341200958180
0
0
5329798155840
5159597384464
9901898378591
3971244158647
2861543382501
7134235576132
490687072299
7173496678050
6713878488393
3251911074065
1879272372934
2216165431031
3522379802349
0
2282964951411
3720878121370
355390539369
607879699720
9184644800022
5659236307014
1176948453653
4412499890772
9673594024627
1917244983387
1148515424056
4570431769913
562898574727
3304702055998
9785324477381
609126116468
7578830850266
5726944163962
9869077262793
6298816840529
210535361599
5771012315151
3518750265205
8305343678941
0
6152557974659
2417857316536
1633618106001
5236140778174
7635496360158
1450451094900
7933320778180
4191535834627
4029418917458
0
4952985456641
0
8776389974726
4055986904093
0
7400964639395
0
1611172344201
2591214028489
3996085737150
9391846575599
0
7537951408581
2730729822291
0
9410175301232
9388651384145
7277524789047
1355898991343
7849364629636
5257287922476
1191624024858
7345311345794
7477449374025
1779909188840
7762523602879
9736337514855
0
735205958956
1018016201434
9370230734402
1508741933809
7384581296273
8154399891735
0
2958672457997
9601897880597
0
950923366258
2633898256984
9206192921489
8995287388430
1867301341615
0
7065498221660
6283780864515
3046652751106
2073951938209
9939010661904
8188161138359
2713243156534
90643973989
0
9833381571514
9140927709250
0
3758724439312
7665531968062
7125788061310
4664747544525
1692493563093
5591195255451
9210310866202
4813655290752
5554475463136
8951860791551
5231824743030
4356974702748
4491275847004
5795034963315
771028109338
6299652784705
8845402698816
9849561398015
8729962458918
5488852607244
7850243547476
3135179636763
0
4677419047905
9188928853536
0
4653382219102
8707610969477
3326515198188
2370198874955
5647808176274
4719770516185
6044667183688
0
3715911394135
5417547898277
0
5373286955275
0
8012218054353
3127072184168
2423967401334
9475322578030
4815794993972
3255428756844
0
9548697839451
9083824552753
25634537952
5599282303774
0
0
5619483453236
6531250011643
0
607814231193
2123617080720
1640965843767
5635425313022
9343762337789
3491916258069
6309328246538
1677344989858
3842039921376
1255203952505
673609334238
3138941985238
4471534419909
3919566130805
2290543964787
2998237205706
0
0
0
9679051560919
9000180763821
0
6499553620379
0
2716122977072
4479752363977
8493649147455
9604916271991
6132238240069
2246654837860
5576116177819
7831967141403
0
2320173604929
9163362835134
0
7174515802317
0
4452114279818
4671899335242
0
1134236185264
4466278143263
9690025597407
2166399804885
647504027220
3670638277611
4321576734563
3599854403185
3131130155736
8821395856487
5724615400910
5189893465285
8170465180252
9342913457634
0
5025495947153
1298431303209
5255581523606
1446431972950
0
7766340399316
0
0
3013010026392
6561247716944
2390805392991
6547900414015
2707770000036
8403098122308
5713490236314
2616499254875
8455190085768
2972399489448
5787186808839
0
5312106953581
1613505297988
3291920795307
5882276291226
3651364406665
0
9116435599239
1687355448134
6550925237965
0
5249647607171
5235869652122
7826916350529
4235849852400
0
131422604478
2143202686677
6708998217908
9923768588515
9273560800274
498263366729
9184441538360
7605515138383
2433961445703
6785462499373
9124006169572
1100114851971
0
7418802909841
180108713704
657086448751
1844428410806
7644404102597
6657849013164
9629720880218
1762476825370
751467712489
6410665506680
4774639724374
2932740900838
790924050941
1966845684140
2614754844154
3624866068819
3569078538585
142579951328
9319224420046
7777446252223
0
8575964689796
7048996625179
1664398593658
5923461057672
7079534850144
0
0
7140844777844
5468638749788
6759135467363
0
2728594452728
8908527217960
0
8043720396870
9710682188589
0
530919688354
6576009438994
0
8371930449008
4981630672375
5703127146606
8581268029493
8781673275492
0
5580568363602
7778480242592
8175251894848
2070594503471
6540260291518
8893699918229
0
6183157720235
8598484952250
4926417475473
14233072329
9676307283687
0
526635002645
3455113191900
9765478680282
3366092934346
6692271223424
7599885100792
6117589454647
6818180421566
5770300381637
8977328262117
408422995403
3861852398971
2180413055032
3674203583016
9602506086839
0
0
0
4147549085595
4969736100906
3107294715817
6520908339937
0
5703417757343
0
9534659181589
0
6922505084554
2002426024121
1699652186937
2426748722599
5945479196110
1917845868317
3815027486540
1047604258699
0
0
3661578058481
8123143871751
6823476320719
9435817454212
6308508690356
5381264735154
0
9582818838729
358239895224
4172037083263
7448279097630
3615119232380
4746890585228
1191501145099
0
0
175504438240
0
3573434338486
5539174676180
0
7605771777698
190673834898
948513568736
3795269894785
8002178119839
357548026798
0
6012573400540
0
3630890768994
593592137560
6244185129745
8287162545943
0
7721426339029
7484699610205
208248838819
4548819460923
2064545285256
9108242765960
4167098417743
8552200620054
8290841982412
0
4502928809690
9054447015938
5712548843585
3044111672176
8972475243566
2295024727750
6013538197772
0
6107877069883
7430169556562
2256521642857
1687229896568
7139744276830
9558108101646
4671980631108
7408728424877
308684086850
8528894278738
7277133386185
8940959222560
0
8471576058534
538722680932
2308323530212
3228769788699
2990980088330
0
7896056117473
0
4614222037222
0
837368404372
8636563108771
4553872339610
6636732810760
3708711776609
1370006856199
3427192111342
4006951365517
0
3582977690851
0
2596989069529
6597160168249
73946211575
2281107978838
2381958552596
4135679760253
8427670553491
8427864470251
0
135466385816
7012660461646
7210167864078
8634836960861
3853101762020
1612587129523
1116679496355
6348409501833
2156637132129
0
4350611194926
7279025367237
8645501753349
9804846553378
6291323249586
4446448634929
584903837624
0
0
0
6597062244941
8085905482107
0
776854325193
944931059016
4893854902807
4125716198382
7901483060605
4439779339172
9225907750450
7144871265490
136148837928
0
7878916672687
2043255047734
7400142663029
0
8181889109811
0
0
0
0
5272407099639
0
2878536658676
701879153475
0
5315039486033
1071873821665
0
5006419275759
0
4805072000804
6670173654251
8788250765795
7875347599057
3651624032417
9999903976359
0
921473360156
5874348945789
9421901515738
6645080944290
498721406449
8007550556888
0
6508928612423
1981441560869
3493079692069
1790897009866
6880872152979
9315239856569
8135440857409
7792755795071
0
7815655871301
2994539818532
9236426590227
8105526786546
2902382380713
7414170550616
5261392733455
5995423080454
0
4530671262661
7956013077507
9053845569602
1360404304617
4491470829937
5427508664318
0
0
166774569124
6760896459563
0
586876431817
3156227306721
0
1370789638078
0
5859451398629
9806836209579
1188505587
0
3255959489496
5969012883031
8829659066038
1918740149333
0
1260845699339
9145924476538
0
805004573288
8702260039534
5962139560031
3386968938244
6000127017652
6543880698435
4146154637042
7496149259065
9505037422760
7842744194774
0
4165764521820
5272405880948
1690979783178
5496818048946
669920094888
7732846808520
752878348031
3554936170790
0
9958539731988
1571549594418
951058700538
532091449505
3345351096688
0
3649239462863
3609684384676
6032606029261
7299321414163
8674677194667
7809567661769
6764596976425
